25x1 vector:
-6.853952
99.164548
139.706655
98.803190
-6.981710
-3.391052
15.534030
19.544155
13.216299
-3.285217
-0.074836
1.638881
-0.000000
-1.638882
0.074837
3.285217
-13.216302
-19.544155
-15.534028
3.391053
6.981705
-98.803206
-139.706655
-99.164532
6.853957


25x1 vector:
1.277517
-0.803287
-0.544634
-0.728748
1.198677
-1.150765
2.975971
2.979681
1.199236
-1.256432
0.081591
1.295220
-0.000000
-1.295220
-0.081590
1.256432
-1.199237
-2.979681
-2.975971
1.150766
-1.198680
0.728749
0.544634
0.803286
-1.277513


25x1 vector:
-1.710339
1.025872
-1.509837
0.917894
-1.568197
0.737396
-0.103084
0.200574
-0.342851
-0.142252
0.662161
0.083757
-0.000000
-0.083757
-0.662161
0.142253
0.342850
-0.200574
0.103084
-0.737396
1.568202
-0.917898
1.509837
-1.025868
1.710334


25x1 vector:
1.333684
-4.775697
6.772994
-4.231141
1.258301
1.828015
-0.859788
-0.233803
-0.905316
0.235317
1.067305
0.162330
-0.000000
-0.162330
-1.067305
-0.235318
0.905318
0.233803
0.859785
-1.828014
-1.258306
4.231159
-6.772994
4.775680
-1.333680


25x1 vector:
2.329359
1.986714
-2.302945
1.813453
2.194598
0.759503
0.543013
-1.775220
0.440860
0.106935
0.381459
0.138147
0.000000
-0.138147
-0.381459
-0.106936
-0.440860
1.775221
-0.543012
-0.759502
-2.194605
-1.813458
2.302945
-1.986709
-2.329352


25x1 vector:
-0.076903
0.008643
0.039467
-0.058793
-0.059296
-0.147276
0.092876
-0.172109
-0.050559
-0.133520
-0.016568
0.089632
0.000000
-0.089632
0.016568
0.133520
0.050558
0.172109
-0.092875
0.147275
0.059296
0.058790
-0.039467
-0.008641
0.076903


25x1 vector:
0.106718
-0.163288
-0.040833
0.246927
0.057831
0.003400
-0.239956
0.224552
-0.164230
-0.044884
0.025542
0.006391
-0.000000
-0.006391
-0.025542
0.044883
0.164232
-0.224552
0.239954
-0.003399
-0.057833
-0.246912
0.040833
0.163273
-0.106716


25x1 vector:
0.003286
0.284923
0.001944
-0.285415
0.048054
-0.000678
-0.031536
0.064759
-0.052049
-0.027245
0.035557
-0.088377
-0.000000
0.088377
-0.035557
0.027245
0.052046
-0.064760
0.031539
0.000678
-0.048052
0.285395
-0.001944
-0.284902
-0.003288


25x1 vector:
-0.003889
-0.021198
0.000943
0.016162
-0.004527
-0.003047
-0.006232
-0.011203
0.043680
-0.026142
0.017822
-0.025171
-0.000000
0.025171
-0.017822
0.026142
-0.043680
0.011203
0.006232
0.003047
0.004527
-0.016161
-0.000943
0.021197
0.003889


25x1 vector:
0.000351
0.000030
0.000002
-0.000031
-0.000374
-0.000252
-0.000023
-0.000014
0.000019
0.000251
0.000361
0.000065
-0.000000
-0.000065
-0.000361
-0.000251
-0.000019
0.000014
0.000023
0.000252
0.000373
0.000032
-0.000002
-0.000030
-0.000351


25x1 vector:
-0.000330
-0.000009
-0.000001
0.000014
0.000359
-0.000099
-0.000079
0.000006
0.000061
0.000108
0.000126
0.000116
-0.000000
-0.000116
-0.000126
-0.000108
-0.000061
-0.000006
0.000079
0.000099
-0.000358
-0.000016
0.000001
0.000011
0.000330


25x1 vector:
0.000003
0.000002
-0.000000
-0.000002
-0.000003
0.000004
-0.000010
0.000000
0.000010
-0.000004
-0.000005
0.000014
-0.000000
-0.000014
0.000005
0.000004
-0.000009
-0.000000
0.000010
-0.000004
0.000003
0.000004
0.000000
-0.000004
-0.000003


25x1 vector:
-0.000000
0.000002
-0.000000
-0.000002
0.000000
-0.000000
0.000000
-0.000000
-0.000000
0.000000
-0.000000
0.000000
-0.000000
-0.000000
0.000000
0.000000
-0.000000
-0.000000
0.000000
-0.000000
0.000000
-0.000002
-0.000000
0.000002
-0.000000
